表15-1
乾隆四十一年(1776年)中国各地的移民迁入
单位：万人
地
区
总人口
土著人口
百分比(%)
移民人口
百分比 (%)
(含后裔)
西南地区
2438
1483
60.8
955
39.2
其中：
四川
1 000
377
37.7
679
62.3
陕南
145
25
17.2
120
82.8
湘鄂西
115
68
59.1
47
40.9
贵州
520
500
96.2
20
3.8
658
513
78.0
145
22.0
东南地区
3 721
3 547
c.
95.3
174
4.7
其中：
江
西
1685
1566
92.9
119
7.1
浙江
1 936
1906
98.5
30
1.5
湘东
100
75
75.0
25
25.0
华南地区
2 110
1905
906
205
9.7
其中：
台
湾
90
5
5.6
85
94.4
广
东
1 482
1 422
96.0
60
4.0
538
478
88.8
60
11.2
北方边外
239
6
2.5
233
97.5
其中：
辽东
96
6
6.3
90
93.7
吉林
30
0
0
00
100
黑龙江
11
0
0
11
100
承德
56
0
0
56
100
察哈尔
4
0
0
4
100
土默特
20
0
0
20
100
新疆
22
0
0
22
100
合计
809 8
6 941
81.6
1567
18.4
资料来源：贵州、云南、江西、浙江、广东、广西人口总数据姜涛《中国近代人口史》附录
《1749一1898年分省人口统计》;贵州、云南人11总数中含有未人籍的移民
人11。其余各地人11见本卷各章分析。
619