之八，则以宝庆居省境之中部，湘阴靖州僻在一隅故也。江西与江
苏于各地皆居外省移民之第一第二位，自余则参差无定序矣。然
亦有以距离之远近以为转移者：如湖北移民惟湘阴、宝庆有之，而
靖州独阙；广西移民惟靖州、宝庆有之，而湘阴独阙是也。
兹再进一步考求各省内部之分布状态，表如下：
第三表
甲
江
西
宝庆
湘阴
武冈
邵阳新化武冈新宁
城步
靖州
共
府
县
州
不知何府州县
8
7
20
2
3
40
5
7
52
52
7
南昌
南昌
1
1
1
1
4
1
25
30
1
新建
1
1
2
丰城
3
1
4
1
44
49
88
进贤
1
1
1
2
奉新
2
2
修水
3
3
清江
1
1
2
3
5
新淦
1
1
1
2
8
1
新喻
1
1
1
瑞州
高安
1
2
3
2
5
宜丰
1
1
1
2
8
上高
1
1
1
宜春
1
1
分宜
1
1
3
萍乡
1
1
1
吉安
庐陵
17
7
1
2
2
29
1
17
47
1
泰和
23
22
2
1
48
3
3
54
20
吉水
4
2
2
8
20
28
152
1
永丰
2
2
安福
9
6
3
1
19
2
21
310