引
645
人口构成16,25,65,107,580
人口过剩158~162,173
人口结构 71,73,84,85,104,108,126,165,221,267,290,476
人口理论10,11,87,145,147,157,158
人口密度 25,26,65,85,87,123,161,165~170,198,200,282,
337,340,341,366,367,423,462,477~479,483~487,
490~494,498~499,503,505~507,509,510,512,
515,516,525,537~539,547,560
人口普查 18,21,22,26,33,34,35,38,39,66,69,74,82,97,98,
101,109,110,121,122,125,145,146,157,158,181,
188,189,213
人口迁移 16,25,26,30,34,35,63~65,86,88,93,106,108,134,
139,173,195,206,311,426,436,455,471,500,512,
513,514,517,523,535,537,539,558,560~562,564,
573~575,579
人口容量 25
人口生命素质指数 96
人口史 2,3,12~26,28~36,38,40,43,64,71,82,84,85,87,88,
96~98,100~103,106,108~110,112,113,115,122,
125,126,131,135,143~151,153,159,160,164,176,
193,205,213,214,267,268,271,272,277,287~289,
293,294,296,300~302,304,312,315,316,320,327,
375,395,397,404,405,410,411,442,444,446,451,
454~456,467,468,476,478
人口数量 13,14,16,18,20,21,24,25,27,30,33~35,37~41,
50,63,65~67,71,75,77,80~82,84~87,101,114,
118,123,126,141,143,145,146,149,151,153,154,
160,165,166,169~172,174,181,182,183,195,197,
204,207~209,223~225,227,236,253,265,266,
277,285~ 292,296,297,299,300,304,306,311,
313~317,327,328,344,362,375,395,397,399~