646 中国人口史 第一卷 导论、先秦至南北朝时期
401,405,406,408,410,426,435,436,447,450,452,
455,458,464,465,473,474,476,478,486,492,498,
546,547
人口税345,357,363
人口思想87,88,145,147,294
人口素质 88,96,165,476
人口统计学 20~22,35,97,100,110,113,126,131,138,139
人口统计资料 21,110,137,397
人口危机 88,162
人口现象12,13,16,18~21,23,24,30~33,35,36,38,100~
104,110,141,145,146,163
人口学 9~11,17~20,22~24,36,39,41~43,85,88,100,101,
103,110,126,145~147,152,158,161,184,189,352
人口压力 25,90,95,145,158,164~166,168~170,173,175,
197,198,204,207~209,369,414,465,528,537,
539,558
人口再生产 11,16,39~44,49,50,55,62,79,98,107,148,155,
156,183,185,195,424
人口再生产率 40,41
人口政策 18,87,88,96,158,344
人类学 13,32,108,138
人群5,8,16,24,32,33,43,72,163
人身自由24,345
人头税44,46,52,88,89,92,229,323,413
人文环境 97
人相食 141,303,327,335,344,361,377,378,408,409,417,449,
518,567,574
任乃强364,420,441,458~462,499,534,563
日本 9,23,76,113,156,186,198,205,250,306,523
日南(郡) 30,333,363,490,493,498,537,546,556,581,585
柔然 577