索引
657
W
瓦刺 207
外长城 427,480,482
外黄
354,517
外戚45,48,135,346~348,351,352,354~356,513,525,576
外迁 131,136,160,162,170,195,207,312,335,423,431,459,
461,473,518,536,537,547,560,566,573,577
外兴安岭 206,207
丸都435,571
宛平 83
晚婚 89,158,175,176,345
晚商
283,284,290
皖城 562
皖南52,127,170,204,486,535
皖中平原 493
万国266,268,272~277,292
汪士铎 88
亡国
94,141,267,455
王成 237,391
王都
271,276,285
王敦
567,572
王丰
159,160
王符
87,350
王稽
226,232
王吉
91,346,350,357,358
王景
365,366,412,514
王莽
4,200,322,323,328,347,351,353,370,374,396,408~
410,426,430,529,539
王鸣盛 267,322~324
王隐254,437,441,451