索引
633
刘聪 566,573
刘翠溶 133,138,139
刘敬 335,523
刘濞(pì) 337~339,515,535
刘曜 566,567,573
刘裕 255,568,572,576
刘渊565,566,573
刘昭
6,266,271,314,401~403,406,410,437
流放30,61,93,94,208,409,517,521,537
流民 90,92,98,199,237,239,240,243,318,319,321,322,325,
327,331,332,336,345,360,366,387,389~391,395,409,
412,416,514,516,526,528,547,561,565~568,570~572
流民自占240,241,360
柳春藩 316,321
六百石 350,412
六慰 206
六县 522
龙城 284,571,576
龙山(文化)中晚期 277
陇西(郡) 46,91,364,381,398,409,417,430,431,462,489,493,
496,526,528~530,543,554,581,585
陇右 203,573,579
漏报 21,119,253,258,322,363
漏登21,70,131~133,177,423
卢水胡565
庐江(郡) 238,365,368,418,488,492,493,496,514,545,550,
562,580,584
鲁(地) 77,501,509
鲁国(郡国) 340,488,490,494,501,509,511,541,582,585
鲁国(战国) 106,293,440
鲁郡 541,549