636 中国人口史 第一卷导论、先秦至南北朝时期
漠南 208,429
冒顿(mò dú) 140,141,315,397
墨子 87
母系社会49
亩产 312,370~372
牧民 172,506
牧区 185,361,506,560
幕僚 79
慕容冲 574
慕容德 260,261
慕容皝(huáng) 570,571
慕容儁(jùn) 571
慕容玮(wěi) 571
慕容廆(wěi) 570,574
N
男妇 99,334,571
男婴43,68,221,352
南安 329,431,543,554
南北朝 54,143,149,187,191,200,213,246,247,253,275,313,
314,457,532,539,558,559,564
南单(chán)于414,417,427,428,530,531
南朝107,254,256,438,445,464,468~470,475,485,547,566,
568,569,572,576,577,579
南朝陈(陈) 200,460,464,466,469,470,475,539,579
南朝齐(齐) 258,460,464,466,468,572
南朝宋(刘宋、宋）5,246,256～258,266,403,438,465～470，
476,540,547,548,557,568,577
南渡 255,457
南广(郡) 463,555
南海(郡) 197,307,333,336,490,493,497,520,529,536,546,