引
637
556,582,583
南海诸岛 207
南京83,94,114,156,465,559,566
南郡 330,332,337,432,488,495,505,512,544,552,557,
583,584
南凉 473,575
南蛮 75,422,432
南平446,544,552,557
南齐 256,467
南迁 107,134,136,205,256,422,428,436,455,459,464~467,
499,501,516,527,530,534,537,560~564,566~569,578
南宋 15,20,58,59,84,89,96,123,124,163,169,177,192,
204,205
南乡(郡)254,456
南匈奴 94,404,414,427~429,449,499,526,531
南徐州 548,557,567
南兖州 549,557
南燕260,261,568
南阳(郡名、国名）116,243，330，333，384，391，396，412，418，
424,450,457,488,491,492,495,500,508~
510,516,517,544,553,563~566,582,584
南阳盆地491,492,502,510,524,547,561
南越(国) 30,182,197,198,302,307,309,311,314,327,336,
375,381,396,485,519,520,534,536,537
南中443,451,462,535,563
内附 119,422,432,462
内聚型 564
内郡328,367,408,418,530
内涝59
内蒙古 95,112,161,174,200,202,206,208,277,279~282,307,
404,414,427,429,430,477,493,499,518,528,530,533,