索
引
647
柔远
578
肉刑60,93,388,439
儒户 79,127
蠕蠕 577
汝南(郡、县)325,333,369,400,424,437,487,494,505,541，
550,552,568,577,583,585
乳母45,176,353,356
入籍95,241,243,256,263,321,331,411,442,513
S
塞外382,428,429,431,482,570
三长制 254,261~264
三辅(地区)334,335,337,344,364,366,369,371~373,382,
404,417,418,430,449,450,491,515,523,525~
527,533,588
三国94,116,189,191,246,252,254,269,302,313,346,347,
351,352,354,388,399,427~452,454,455,458,460,470,
473,521,523,527,531,547,560~564
三河 509
三老74,235,236,412
三门峡 146
三年自然灾害 35,101
三吴 258,442,467,468
三星堆 284
三宣 206
三原 574
丧妻再娶 176
色目人 92,188
森林覆盖率 57
僧户 78
僧尼 16,72,78,79,92,98,172,187