675
518,535
诸侯王 80,116,238,317,319,334,339,346,356,360,395,456,
483,513,515,523,526,535
竺可桢 558
主父偃306,310,341,504,508
主户124,127
驻军 30,198,200,206,304,397,472
驻军图 336
著籍237,253,260,320,321,331,512
专门史12,17,18,97,98
专名 106
壮族 136
赘婿90,94,197,242,518,519
准噶尔 208
准人口统计学 22
资源9,65,160~163,165,166,170~172,174,175,429,507,569
资源危机 163
梓潼(郡) 460,543,554
自来水 157
自然环境18,24,37,97,98,166,170,224,282,501,516
自然结构65,66
自然灾害16,37,58,59,64,86,146,180,183,184,191,195,288,
291,327,335,378,379,411,414,416,419,447,449,
465,530,569
自然增长率 63,182,184,188,295,316,332,362,375,392,398,
410,420,500
宗教结构 71
宗禄 179,180
宗人府 132,139
宗室 42,72~74,79,116,177~180,227,228,234,242,245,252,
253,260,320,334,336,395,403,456,457,526,563,565,