第十六章
人口增长、分布与迁移
697
续表
地区
1776年《一统志》
1820年
1851年
1880年
新政数
1910年
1953年
潼川府
116.3
180.1
180.2
247.5
333.0
452.6
452.6
676.9
资州
61.9
95.4
95.9
136.4
189.7
266.7
266.7
360.3
保宁府
77.3
96.2
119.7
163.0
217.5
293.1
293.1
449.6
酉阳州
44.8
46.1
62.2
74.0
86.9
102.8
102.8
146.0
绥定府
69.9
112.5
108.3
146.9
195.3
262.3
262.3
329.4
太平厅
9.6
8.2
14.0
18.0
22.9
29.3
41.6
夔州府
91.8
86.1
130.3
155.0
182.4
215.8
215.8
373.4
忠州
47.3
49.7
69.8
88.6
110.6
139.3
139.3
213.8
石硅厅
7.5
9.4
10.8
7.2
4.9
3.3
3.3
32.2
绵州
63.3
110.4
80.6
95.9
112.8
133.5
133.5
167.3
成都府
180.6
548.4
256.5
302.0
351.9
412.1
412.1
590.2
邛州
26.6
61.2
39.0
47.9
58.0
70.7
70.7
86.2
龙安府
25.1
83.3
32.6
39.7
47.6
57.6
57.6
65.1
眉州
31.8
76.4
42.4
50.2
58.7
69.1
69.1
85.5
嘉定府
84.0
206.5
113.2
142.2
176.1
219.6
219.6
281.0
叙州府
130.1
173.6
176.9
213.4
254.3
304.9
304.9
392.0
雅州府
49.2
85.7
62.6
73.7
85.9
100.7
100.7
126.4
宁远府
83.5
126.7
104.5
122.3
141.6
164.9
164.9
207.0
茂州
4.9
39.7
5.3
5.6
5.9
6.3
6.3
6.9
理番厅
1.7
26.1
1.8
2.2
2.7
3.3
3.3
2.4
懋功厅
3.1
3.9
4.7
5.5
3.5
6.5
8.3
松潘厅
5.9
7.9
7.5
8.8
10.3
6.4
12.1
15.2
合计
1681.1
2801.8
2356.5 2946.5 3646.1
4525.3 4563.3
6510.8
直隶
顺天府
198.7
293.4
386.0
460.6
543.3
534.0
644.6
823.6
宣化府
74.6
83.9
83.9
104.1
127.4
149.7
157.1
211.9
永平府
145.0
67.1
173.6
197.4
222.5
19.8
251.9
301.0
保定府
193.2
170.5
230.4
260.8
292.8
239.2
330.0
391.8
易州
34.6
22.1
41.2
45.9
50.8
38.3
56.4
65.6
遵化州
54.0
70.2
70.2
92.7
120.1
85.8
157.1
230.9
赵州
65.8
76.7
76.7
84.3
92.2
89.0
101.1
115.3