第十六章
人口增长、分布与迁移
703
1953年
4749.7
3058.8
2282.5
1661.4
3322.6
2745.3
2073.5
3447.0
1788.4
1762.8
1523.7
6510.8
4813.6
4324.0
4926.6
人口单位：万
修正后
3235.5
2519.7
1849.0
1496.1
2632.0
2207.7
1547.1
2946.1
1453.5
1346.8
1204.7
4563.3
3732.8
3108.7
4388.1
1910年
新政数
2585.0
1573.8
1613.6
1699.3
2307.0
2765.7
1182.4
2822.3
656.6
740.7
869.8
4525.3
2771.2
2611.0
2953.8
1880年
2949.1
2139.2
1602.9
1331.6
2251.2
1896.6
1416.7
2644.7
1259.2
1164.5
1025.4
3646.1
3158.7
2621.8
3897.8
表 16-2 清代中期至1953 年中国分人口
修正后
4471.9
3738.6
3027.6
2428.6
2180.9
2218.7
1840.7
2385.9
1096.2
1267.5
879.4
2946.5
2705.5
3077.1
3558.5
1851年
清册数
4430.2
3763.1
3010.7
2451.6
2064.8
3381.0
2009.9
2838.9
782.3
740.3
543.6
4475.2
2345.5
2392.8
3326.6
修正后
3943.5
3206.8
2733.5
2234.6
1898.1
1948.2
1654.5
2140.5
946.1
1029.9
747.8
2356.5
2308.2
2749.7
3232.6
1820年
《一统志》
2645.9
2835.4
2642.3
2365.2
1854.7
2907.1
1854.8
2155.8
741.6
692.4
534.7
2801.8
1916.4
2359.9
2893.1
修正后
3243.6
2585.7
2236.5
1878.3
1525.2
1617.3
1377.9
1844.5
766.2
788.4
567.2
1681.1
1779.9
2315.0
2790.2
1776年
《通考》
2880.8
2756.7
1936.5
1684.9
1499.0
1481.5
1122.0
1482.1
538.2
310.3
500.3
779.0
2056.7
1985.8
2149.7
省区
江苏
安徽
浙江
江西
湖北
福建
东
西
贵州
四川
直隶
河南
山东
广
广