第十六章
人口增长、分布与迁移
711
续表
面积
地区
1776年
1820年1851年1880年1910年1953年
(平方公里)
宜昌府
21360
31.2
38.9
45.4
52.4
60.9
75.4
施南府
18110
43.0
50.8
57.4
64.1
71.8
84.6
襄阳府
19550
68.7
85.5
99.8
92.7
111.5
138.1
郧阳府
26040
27.5
35.0
40.8
45.9
52.5
69.0
合计
183459
88.2
106.2
120.9
103.4
120.3
149.6
福建
福宁府
9110
69.4
83.8
95.3
105.4
112.0
122.0
福州府
14824
160.0
174.6
185.4
161.4
171.3
186.7
建宁府
17100
65.8
71.8
76.3
39.0
41.4
45.1
邵武府
8157
73.9
78.2
81.3
28.8
30.6
33.3
汀州府
19980
63.3
74.8
83.8
52.2
55.0
60.6
延平府
15840
49.3
53.9
57.2
35.7
37.9
41.3
龙岩州
5794
48.8
57.3
63.9
38.7
39.4
45.7
永春州
6080
66.6
79.4
89.5
62.7
66.6
72.5
兴化府
4006
111.1
132.6
149.5
250.1
265.6
289.3
泉州府
8232
257.3
297.5
328.4
289.6
308.9
334.3
漳州府
13173
216.4
258.0
290.7
125.2
133.7
132.0
台湾府
36720
24.5
48.7
59.8
72.5
88.6
206.7
合计
159016
86.7
104.0
115.8
89.1
97.3
130.4
广东
广州府
27794
190.4
211.5
228.9
246.3
265.9
296.6
肇庆府
24186
69.9
83.6
95.2
107.5
122.0
146.1
罗定州
7425
66.1
76.9
86.1
95.8
106.8
124.8
佛冈厅
1337
41.1
48.6
54.6
61.3
69.6
82.3
惠州府
31500
47.7
58.1
67.2
77.0
88.6
108.4
潮州府
15140
142.5
175.8
205.4
237.7
276.4
343.2
嘉应州
10940
111.1
121.8
127.3
132.6
138.4
147.1
韶州府
18150
53.1
56.6
58.3
59.9
61.7
64.2
南雄州
4458
39.5
46.0
51.6
57.2
63.9
74.9
连州
6806
40.0
44.4
49.4
54.5
60.4
70.1