索引909
朝邑400,568,569,576,579
潮阳 192,198
潮州府 190,192,197~199,208,694,711
车里宣慰司 231
郴州 147,148,154,541,542,544~546,552,693,710,817~819
辰溪 152,819
辰州府 152~154,549,693,710
陈得才538,568,569
陈州府99,357,360,684,685,687,698,715
成都271,296~299,301,302,828
成都府 57,58,267,296~298,302,303,324,697,714,719
成县 623
呈贡 555,557~559
承德 737,785,790
承德府340~342,350,698,715,720
承粮花户 276,280,281,285,289~291,295,296,298,305,312,
313
城步 141,142,819
城固409,569,584,586,587,589
城市化 110,158,189,313,350,392,398,461,462,511,514,679,
684, 725, 730, 735, 741, 747, 757, 761, 762, 769,
771~773,775,790,793,798,799,808,810,811,824,827
~830
城市人口等级模式 15,725,726,732,735,740,744,747,755，
761,766,781,800,818
城厢220,253,254,524,638,641,643,644,736,739,749,760,
769,770,799,801~804,806,807,809,813,814,817,818,
826
澂江府 215,218,219,243,244,559,560,567,695,712,720
澄城399,400,568,577
澄海 198