索引919
828,829,864,867,868
广西州215,216,225,244,245,567,695,712
广信府 26,27,46,122~124,134,510,511,526~528,535,692,
709,762~766,814
广元286,287
广州府 193~195,208,694,711
归安 103,478
归德府99,357,360,685,687,698,715
归化173
归化厅 250
归善 198,199
归顺 210
归绥六厅 391~393,675,677,700,705,717
贵德 424,426,629,631
贵定 246,248,249
贵溪 122,123,124,510,527,529,763,764,765
贵县 212
贵阳府245~249,250,255,257,260,264,696,713,769,770
贵州 42,43,62~64,129,214,245,247~249,251,253,255,259,
261,263~265,542,696,706,707,713,720,721,769~771,
828,829,864,865,881
贵筑 245,246,249,769
桂东147,148,212,544,819
桂林府 209,695,712
桂阳147,545,817,819
桂阳州147,148,154,542,545,546,693,710,719
崞县 390,391,674
H
哈密436,437,445,636,641,646,701
海安 78,88,464