索引931
连县
201
连州
201,202,20c,694,711
涟源 137,138,141,142,154
廉江 203
廉州府 203,205,206,694,712
良乡328,329,330,332,333
凉州府432,632,633,635,700,718,746
辽宁 452,454,690,701,702,850,854,855,857~859,872,874,
881
辽阳
452
辽州
389,390,392,667,668,676,699,705,716,740
聊城
362,364,728,729,731
邻水
282,283
林县 352,595,596,678
临安23,106,215,469,474,475
临安府 565,567,695,713
临川129,528,529,530
临汾
379,380,659,661
临海
41,487,488,809
临江
46,126,129,134,135,511,519~522,526,530,535,692,
709,718,763,766,871,878
临晋3
377,378,656~658,792
临清 361,363,365,718,727,728,733,736,751,797,798
临清州361~364,372,699,716,718,727
临朐 368
临泉 99,100
临潭 427,621
临洮 428
临潼
394,398
临武 147,545,819
临县
382,387,388,671