引939
普雄 318
Q
齐东 369
齐河 369
祁县
385,386,669
祁阳
146,147,546,819
岐山
411,417~419,589,590,592,744,745
奇台
435
綦江
275,276
蕲春
157
杞县 356
起台
425
千阳
590
迁安
334,335
迁海
35~37,39~41
迁界
36~41
铅山
122,123,124,510,526,527,528,763,764,765
钱塘 49,106,808,809
钱塘江 718,809
乾隆六十年 80,83,84,86,93,94,99,110,111,140,148,157,
158,219,272~274,276,277,282,291,295,296,
298~311,313,314,317,321,324,325,347,358,
359,362,363,436,466,483,543,544,758
乾隆四十一年 3,6,10,12~14,46,47,50,51,69~72,83~90，
93~95,97~105,107,109~115,118~122,124,
126,128~130,132,134,135,141,142,144,145,
147,148,150,152~155,158,160~163,169~
171,174,176,177,180~182,184~192,195,
197,199~202,205,206,208,209,213,217,218,
221,225,227,229,231~233,235,237,238,240