940
中国人口史第五卷 清时期
~245,250~252,255,257~259,261,263~265,
272,274,278,281,283~285,288,289,291~
294,296,302~304,306,308,311,313~315,
317,321,323~326,331,335,336,338,339,342,
344,345,347~350,352~354,356~365,367,
369,371~373,375,376,378,380,382,383,385,
387,389~393,401~403,407~409,411~413,
416,417,419~422,427,429~432,436,438~
440,445,446,448~450,452,454,457,473,483,
487,498,563,564,578~580,601,618,655,662,
663,665,666,669,672,673,678,688~690,702,
705,706,718~723,730,733,735,737,741~
744,746~748,757,761,762,767,769~774,
784,793,797~799,803,807,808,810,811,814,
827~829,832
乾州 150,153,419~421,592,594,600,602,700,717,719,742,
745,747
潜江
162,163,821,826
黔江 288,289,826
黔阳 152,819
钦州203,205,206
亲辖地 246,248,249,257,260~263
秦安
608,610~612,622
秦州432,602,610,622,623,635,700,718,721,747
沁州 34,382,383,664,666,667,676,699,716
青城 368
青川 304
青海423,447~450,636,701,702,705,707,774,830
青海营561
青龙 334,335
青神 307,308