索引953
西安府 394~399,407,421,573~575,579,583,592,593,599,
700,717,719,741~743,747,794
西安城568~570,793
西藏 27,423,447~449,701,702,705,707,774,830
西昌
317,318,319,321
西充
281,282
西畴
235
西和
62,622,651,739
西吉
611,612,614,615
西林
210,211
西隆 210,211
西盟 227
西纳 630,631
西宁府 337,424,426~429,432,447,448,602,603,629~632,
635,636,641,700,718,721,734,735,784,790
西宁县 197,781,782
西平 358,686
西乡
409,410,418,419,569,587,589,614,620,639,742,817,
818
浠水 157
歙县
469,491,500
习水
253,255
隰州
380~382,392,597,662,663,676,699,716
峡江
126,519~521
夏河
427,428
夏津
361,364
夏口
823
夏县 374,375,652,653
仙居
50,469,487,761,810
咸丰十一年 13,163,289,384,396,484,499,518～520,524，
527~530,537,549,557,571~598,607,609,616~