276
中国人口史
第六卷
1910—1953年
续表
户均
省市
户
男
女
人口
性别比
口数
松江
714003
2561014[2]
1974078
4535092
6.35
129.73
合江
350403
1009500
926500
1936000
5.53
108.96
黑龙江
258255
1440754
1122480
2563234
9.93
128.35
嫩江
372550
1387506
1019932
2407438
6.46
136.04
兴安
65509
184026
143537
327563
5.00
128.21
热河
1068038
3217455
2892411
6109866
5.72
111.24
察哈尔
459645
1152984
961304
2114288
4.60
119.94
绥远
386730
1212119
954394
2166513
5.60
127.00
宁夏
136828
422637
350688
773325
5.65
120.52
新疆
904598
2118705
1893625
4012330
4.44
111.89
西藏
650000
350000
1000000
185.71
南京
188436
609391
428265
1037656
5.51
142.29
上海
762217
2162119
1691392
3853511
5.06
127.83
北平
312574
925249
676985
1602234
5.13
136.67
天津
326796
970591
708619
1679210
5.14
136.97
青岛
152668
423438
329362
752800
4.93
128.56
重庆
203763
579354
420747
1000101
4.91
137.70
大连
93419
358736
184954
543690
5.82
193.96
哈尔滨
153226
481917
278083
760000
4.96
173.30
汉口
122336
397886
352066
749952
6.13
113.01
广州
168550
671157
605272
1276429
7.57
110.89
沈阳
254618
645447
530173
1175620
4.62
121.74
西安
109974
319074
204109
523183
4.76
156.33
合计
85902337
241485555
219520730
461006285
5.37
110.01
说明：
[1]原数字为7627763，疑有误，因为与男女合计数为14603247人不符，且与全国
男子合计数不符。
[2]原表数字为2561614疑有误，因为男女合计数为4535092,两者相加不符，且与
全国合计数不符。
[3]原数字为3948408，疑为印刷错误，因为与原表男女合计人数为6126006不符，
且与全国女子合计数不符，另外，1948年女子数为3172197。
[4]原数字为4847774，疑有误，因为男女合计数为4847774，两者相加不符，且与
全国合计数不符。
资料来源：民国内政部人口局《全国户口统计》的《全国户口统计总表》，1947年7月。