第七章
人口的性别与年龄结构
311
年龄结构上，见下文。
乔启明将中国土地利用调查的性别比资料按每5年分组制成
表7-21,全国人口的性别比为108.5。全国0岁与2岁的性别比
非常大，而1岁、3岁、4岁则较小，且华北与华南的性别比相差甚
大，他认为这是由于女婴漏报及夭折较男婴为多的缘故。全国5
岁至19岁的男子过多，性别比太高，这主要是由于以下三个原因：
1. 新婚妇女及未婚妇女漏报；2. 灾区妇女被拐卖到外地；3. 已
婚妇女生育前后死亡率较高。50岁以上的妇女多于男性，这是因
为男性的寿命较短①。
表7-21 1929—1931年中国101处38256农家按每5年分组的性别比
全国
华北
华南
年龄组
性别比
标准差
性别比
标准差
性别比
标准差
0
112.0
3.5
112.8
4.8
111.4
2.5
1
111.1
2.6
110.9
2.9
111.3
2.4
2
115.3
6.8
113.2
5.2
117.3
8.4
3
106.0
-2.5
102.7
5.3
108.8
-0.1
4
106.9
-1.6
101.9
-6.1
111.2
2.3
0--4
110.2
1.7
108.4
0.4
111.7
2.8
59
117.1
8.6
117.1
9.1
117.1
8.2
10—14
124.4
15.9
117.1
9.1
131.8
22.9
15—19
116.7
8.2
109.0
-1.0
124.1
15.2
20—24
105.9
-2.6
105.4
-2.6
106.4
-2.5
25-29
103.1
-5.4
101.4
-6.6
104.6
-4.3
30—34
110.4
1.9
113.8
5.8
107.7
-1.2
3539
109.4
0.9
110.2
2.2
108.6
-0.3
40—44
113.3
4.8
118.2
10.2
108.3
-0.6
45—49
101.0
-7.5
101.6
-6.4
100.3
-8.6
50—54
104.4
-4.1
115.3
7.3
94.9
-14.0
55—59
91.4
-17.1
95.7
-12.3
87.8
-21.1
60—64
92.5
-16.0
102.4
-5.6
83.6
-25.3
①
乔启明《中国农村社会经济学》，商务印书馆1945年版，第51页。