第
七章
人口
的
性
别
与
年
龄
结
构
333
每组合计
2.39
8.06
3.16
7.86
4.67
6.11
5.57
3.93
7.22
7.20
7.09
6.99
6.32
5.72
4.92
5.42
3.22
2.41
1.76
1010 1010 1010 1010 1010 10110 1010 1010 10110 1010 1010 1010 100
汉口
2.75
6.10
4.03
6.48
5.50
7.06
6.02
2.75
5.06
5.58
5.93
6.71
6.74
5.95
6.79
5.90
5.00
3.32
2.33
2.33
7.58
3.36
6.99
5.28
6.17
6.49
5.30
8.97
8.25
7.61
6.93
6.34
5.35
4.37
3.41
2.54
1.66
1.07
北平
1.12
5.36
2.16
3.92
3.83
4.88
5.69
5.65
9.23
9.52
10.08
8.98
7.55
6.75
5.48
4.08
2.88
1.76
1.08
1947年全国户口统计中年龄结构的比例(%)
上海
2.08
8.97
1.95
5.92
3.39
6.00
6.51
4.47
10.74
10.06
9.10
8.10
6.97
5.70
3.94
2.59
1.67
1.03
0.81
南京
2.93
6.32
3.01
6.24
3.99
5.74
5.56
5.69
7.85
8.30
7.91
7.54
7.35
5.64
4.61
4.06
3.00
2.34
1.92
说明：表中百分比均是笔者根据人口数计算，其中对原数据中的明显计算错误进行了更正。
吉林
2.71
10.92
2.68
10.23
4.80
6.77
5.03
2.66
6.19
6.99
6.87
8.12
6.01
5.93
4.30
3.67
2.56
1.94
1.62
辽北
2.74
8.42
3.45
9.06
5.39
7.02
5.52
3.13
5.82
5.86
6.09
7.47
5.77
6.29
5.24
4.41
3.53
2.70
2.11
辽宁
2.72
6.38
4.15
7.08
5.05
6.10
5.82
4.39
6.34
6.54
6.67
7.10
6.39
5.83
5.08
4.60
3.88
3.32
2.57
资料来源：中华年鉴社《中华年鉴》(1948年)，第97~98页。
台湾
3.07
12.15
3.37
11.61
5.55
7.57
6.86
4.14
8.58
7.18
6.33
5.81
4.62
3.70
2.77
2.25
1.88
1.30
1.25
表7-30
福建
1.90
7.16
2.82
9.08
4.50
6.71
5.92
4.15
7.18
6.90
7.02
6.77
6.65
5.83
5.33
4.43
3.27
2.43
1.96
山西
2.41
8.38
2.25
8.17
4.22
5.78
5.57
3.37
8.04
7.78
7.49
7.14
6.68
5.86
5.05
4.16
3.26
2.48
1.91
湖北
2.41
7.06
4.07
6.34
4.95
5.49
4.85
4.06
5.95
6.51
6.66
6.71
6.23
5.95
5.36
8.94
3.80
2.89
1.79
年龄组
1—4
96
69
10—11
12-14
15—17
18—19
20—24
25—29
30—34
39
40-44
45—49
50—54
55—59
60—64
6999
70以上
合计
0
35