338
中
国人口
史
第六卷
1910—1953年
1.67
3.66
3.00
3.06
2.65
14.04
11.82
11.24
6.54
4.97
5.18
6.39
6.51
6.17
6.65
新繁
1.57
3.54
2.21
2.91
2.24
12.46
11.12
10.73
6.06
4.11
4.37
4.70
4.93
5.55
5.71
新都
0.66
3.93
2.88
2.75
2.31
12.53
10.48
10.04
6.26
5.05
4.78
5.90
5.81
5.05
5.08
1942—1943年四川9县普查中年龄结构的比例（%）
郫县
2.10
3.03
2.56
2.81
2.11
12.59
9.99
9.60
6.07
5.23
4.85
5.41
5.19
5.63
5.20
温江
1.24
3.43
2.51
2.71
2.29
12.18
9
9.60
5.50
4.01
4.67
6.07
5.91
5.17
5.70
华阳
1.32
3.13
2.56
2.53
2.41
11.94
10.31
9.74
5.90
4.26
4.24
5.73
5.71
5.76
5.8
成都
1.31
3.22
2.44
2.81
2.19
11.97
10.06
9.58
5.93
4.70
5.09
6.26
5.76
5.35
6.18
崇宁
1.96
2.81
2.76
2.58
2.25
12.37
10.13
9.89
6.22
4.67
4.89
5.27
5.64
4.97
5.90
表7-33
双流
1.59
2.96
2.65
2.73
2.39
12.32
10.69
9.87
5.22
4.12
4.77
5.52
6.04
5.20
5.69
1.64
3.08
2.88
2.67
2.41
12.68
10.61
10.03
5.17
3.85
4.25
5.29
5.90
5.31
6.25
年龄组
0—4
569
10-14
15-19
20—24
25-29
30-34
35—39
40—44
45-49
0
1
2
3
4