第八章
人口
的
婚
姻
与
生
育
365
续表
1949
0.2330
0.2218
0.2328
0.2291
0.2114
0.2096
0.1994
0.1941
0.1489
0.1433
0.1198
0.1098
0.0809
0.0496
0.0160
0.0078
0.0066
0.0048
1948
0.1984
0.2249
0.2101
0.2068
0.1908
0.1892
0.1800
0.1752
0.1344
0.1294
0.1082
0.0991
0.0730
0.0448
0.0145
0.0070
0.0060
0.0043
1947
0.2239
0.2379
0.2223
0.2187
0.2018
0.2002
0.1904
0.1853
0.1422
0.1369
0.1144
0.1048
0.0773
0.0474
0.0153
0.0047
0.0063
0.0046
1946
0.2089
0.2220
0.2074
0.2041
0.1884
0.1868
0.1777
0.1729
0.1327
0.1277
0.1068
0.0978
0.0721
0.0442
0.0143
0.0469
0.0059
0.0043.
1945
0.1992
0.2117
0.1977
0.1946
0.1796
0.1782
0.1694
0.1649
0.1265
0.1218
0.1018
0.0933
0.0687
0.0422
0.0136
0.0066
0.0056
0.0041
1944
0.1977
0.2102
0.1963
0.1932
0.1783
0.1768
0.1681
0.1637
0.1256
0.1209
0.1011
0.0926
0.0682
0.0418
0.0135
0.0065
0.0056
0.0041
资料来源：国家计划生育委员会《全国千分之一人口生育抽样调查分析》。
1943
0.2004
0.2130
0.1989
0.1958
0.1807
0.1792
0.1704
0.1659
0.1273
0.1225
0.1024
0.0938
0.0691
0.0424
0.0137
0.0066
0.0057
0.0041
1942
0.1852
0.1969
0.1839
0.1810
0.1670
0.1656
0.1575
0.1534
0.1177
0.1133
0.0947
0.0867
0.0639
0.0392
0.0127
0.0061
0.0052
0.0038
0.1984
0.2109
0.1970
0.1939
0.1789
0.1774
0.1687
0.1642
0.1260
0.1213
0.1014
0.0929
0.0685
0.0420
0.0136
0.0066
0.0056
0.0041
1941
1940
0.1952
0.2074
0.1937
0.1907
0.1760
0.1745
0.1660
0.1616
0.1239
0.1193
0.0998
0.0914
0.0673
0.0413
0.0133
0.0065
0.0055
0.0040
年份
32
3
3.4
35
36
37
38
39
40
4.1
42
43
4
45
46
47
48
49