第八章
人口的婚姻与生育
367
的总和生育率明显高于其前后的年份，这表明当战争在大部分地
区结束的时候，生育率有了较大幅度的补偿性提高。
表8-22是中国土地利用调查的结果，它也是回顾性的生育
调查。表中45岁以上的妇女产婴数5.29即可以近似看作是这一
年龄组妇女的完全生育率。这一完全生育率要低于同一调查的总
和生育率，这一差异可以有两种解释：1.完全生育率与总和生育
率反映的生育队列不同，前者是调查时年龄在45岁以上的妇女，
而后者调查的是当时所有的已婚育龄妇女，因此完全生育率低于
总和生育率反映了自19世纪末以来中国的生育率可能有所上升；
2.完全生育率是由回顾性调查而得，由于时间较久远，实际的生
育数可能有所遗漏。
表8-22
1929—1931年中国8区101处各年龄组妇女平均产婴数
全国
华北
华南
年龄组
男婴
女婴
合计
男婴
女婴
合计
男婴
女婴
合计
10—14
0.02
0.01
0.03
1.02
0.01
1.03
0.01
0.01
0.02
15--19
0.17
0.13
0.30
0.14
0.12
0.26
0.19
0.14
0.33
20—24
0.65
0.57
1.22
0.59
0.56
1.15
0.69
0.58
1.27
2529
1.29
1.14
2.43
1.22
1.09
2.31
1.30
1.20
2.50
30—34
1.88
1.69
3.57
1.77
1.65
3.42
1.90
1.90
3.80
35—39
2.27
2.05
4.32
2.13
1.96
4.09
2.40
2.10
4.50
40—44
2.64
2.34
4.98
2.50
2.30
4.80
2.80
2.40
5.20
10—44
合计
1.43
1.28
2.71
1.33
1.22
2.55
1.50
1.30
2.80
45以上
2.82
2.47
5.29
2.69
2.40
5.09
2.00
2.50
4.50
年龄未详
1.13
0.87
2.00
0.40
0.40
0.80
2.30
1.70
4.00
总计
1.75
1.55
3.30
1.51
1.51
3.02
1.80
1.60
3.40
资料来源：乔启明《中国农村社会经济学》，第94页。
中国妇女15岁至19岁年龄组已婚比例占52.1%，超过当时