412
中
国
口
史
第
六
卷
1910-
-1953
年
黑热病
死
1
12
9
1
8
16
4
病
15
8
57
1260
5
235
15
5
9
9
231
4
4028
433
死
2
9
1
52
17
3
20
15
60
38
2
3
1
疟疾
病
2220
24
2
27
1029
1001
717
7634
13003
11628
15953
8934
83826
14655
2868
172
861
70
18349
1699
回归热
死
1
1
49
3
4
1
1
4
2
2
4
病
33
3
3
17
15
2
2
3
296
63
280
222
249
459
47
46
25
3 1475
376
斑疹伤寒
死
2
1
2
10
1
1
3
2
10
3
3
2
1947年全国各省市传染病患病及死亡人数统计
病
5
2
19
2
5
12
7
15
301
48
46
65
45
1
41
49
199
264
18
死
8
393 161
鼠疫
病
230
猩红热
死
4
2
1
2
3
1
3
1
11
2
病
3
4
8
4
1
37
30 157
17
73
12
12
6
7 182
31
95
11045
6
死
53
18
4
11
3
3
50
10
4
2
4
3
3
10
白喉
病
11
430
51
41
2
37
15
25
181
3
383
82
28
29
37
27
173
29
70
9
5.7
18
脑脊髓膜炎
死
9
155
9
1
14
199
18
3
6
30
171
11
100
18
126
12
8
21
1
23
5
病
60
565
181
73
1
930
141
2
167
639
5.2
460
268
875
9
89
78
6
143
7
死
20
352
4
25
176
4
4
335
311
13
21
5
14
39
2
3
7
3
6
表9-19
天花
372
病
158
1815
8
6
1
56
24
9
8
363
1406
8.8
825
460
1
22
12
61
358
133
伤寒及副伤寒
1
死
1
53
30
7
1
3
14
41
14
5
5
8
3
45
1
3
7
3
3
病
78
99
38
6
6
146
79
31
30
15 1
1212
513
490
146
556
1221
1164
185
61
249
1
464
569
死
1
10
23
1
9
8
3
8
15
10
23
4
8
13
1
2
痢疾
病
384
43
96
19
154
67
13
11
1222
791
1201
891
1373
9509
2144
532
196
1250
8
4314
818
霍乱
死
6
59
42
9
1
2
河南1274 110
病
53
731
232
1
2
23
5
4
省市
南京
上海
北平
天津
青
重庆
广州
汉口
西安
沈阳
江苏
浙江
安徽
江西
湖北
四川
西康
山西
陕西