第九章
人口的死亡及死因
417
续表
男女合计
男性
女性
年龄组
qr
ex
q
ex
q
ex
5—9
0.08795
46.17
0.08475
46.67
0.09160
45.53
10—14
0.04401
45.38
0.04592
45.76
0.04114
44.87
15—19
0.05116
42.35
0.04448
42.84
0.05828
41.69
20—24
0.05210
39.50
0.04735
39.72
0.05729
39.11
25—29
0.05208
36.53
0.04779
36.57
0.05635
36.34
30—34
0.04592
33.41
0.03585
33.28
0.05684
33.36
3539
0.05876
29.89
0.05312
29.42
0.06530
30.22
40—44
0.06670
26.60
0.06627
25.93
0.06760
27.16
45—49
0.06860
23.32
0.07419
22.59
0.06297
23.95
50—54
0.08998
19.85
0.09364
19.20
0.08631
20.39
5559
0.14336
16.56
0.15626
15.91
0.13159
17.06
60—64
0.17923
13.89
0.19011
13.37
0.16938
14.26
6569
0.25085
11.37
0.23768
10.92
0.26119
11.64
70—74
0.32022
9.33
0.37114
8.53
0.28240
9.87
75-79
0.37459
7.58
0.38920
7.14
0.36593
7.79
80—84
0.52522
5.66
0.54067
5.15
0.51720
5.86
85 以上
1.00000
4.28
1.00000
3.37
1.00000
4.58
资料来源：乔启明《中国农村社会经济学》，第106页。
根据表9-21,1929—1931年中国乡村人口出生时平均预期
寿命为33.32岁，男性为33.41岁，女性为33.15岁，低于司伏特
的结果。利用同样的人口资料，两者的结果却不一致，原因可能是
由于编制生命表的方法有所不同，但经过改进的联合国编制方法
更为合理，更接近于实际。
中国土地利用调查分年龄、性别死亡率不仅有全国的资料，并
且还有华北、华南两大地域的资料。表9-22和表9-23分别为
笔者编制的华北、华南分性别生命表。