546
中
国
人
口
史
第
六
卷
1910—1953
年
总
计
98  8  8         8  8   
92..7   2  8       .       2 2 42
22.09 17.11
2.012.94
11.94 10.21
9.27 10.38
2.87 4.67
6.03 7.60
1.39 4.38 2.69
0.09 1.13 0.99
0.81 2.74 1.86
0.15 0.55 0.64
0.01 0.04 0.10
0.09 0.29 0.38
0.98 0.48
0.23 0.17
0.600.33
144 4     2 4 2 4 4 . 42  42 2430
0551111 11  1 2  14  1 1  1  1 1 11 1
22.1 1 1 22232155
0.12 0.07 0.15
0.06 0.01 0.05
0.09 0.04 0.10
雅安县
兰谿县
×
×
×
×
×
×
长乐县
16.75 x
0.23 x
X48
13.00 x
1.1.0*
X 102
0.53 x
0.05 x
X
0.07 x
0.01 x
X 0.03
×
×
×
0.03 x
0.01 x
0.02 x
表13-7 20世纪上半期地区性人口普查中的教育程度(分性别)人口的比例（%）
0.29
邹平县
句
容县
3322285535
1111111111111 1
891 1111111111 1111
×
4 1111111111111
1 15 1 1 1 1 1 1 1  1 1 1 1 1  1
 0.0 1 0  0 10 10 10 1 10  1 0 054
×
×
x 00 00 00 0 0 00 00 00 00 0 00 00 0 00
0 00 00 0 0 00 0 0 0
 . 10 10  10 1 10 1 1056
00. 000  0 0 02
00 0 0 0 0 0 0 0 10
 0 0 0 0 0 00 0. 0 00 0 0 0 00 0
0.01 0.03 0.11 0.00 0.18 0.12 0.06 x
 0 0 0 0 0 0 0 0 00 0 0 0 0 001
04 1 12 11 19 1 1 1 1 1 1 1 1  10
1  1 1 1 1 1 1 1 1 1  1 1 1  12
0. 10  1 0 10 1 0 10 20 1 0 105 00
新繁县
新都县
郫
县
温江县
华阳县
成都县
资料来源：民国主计处统计局《中华民国统计年鉴》(1948年)，表29。
崇宁县
0.00 0.02 0.04 0.02 0.02 0.03 0.01
双流县
彭
0.14 3.82 0.85 0.11 0.04
晋宁县
昆阳县
昆明县
昆明市
原注：x指没有此项统计。
0.33
0.02
0.17
呈贡县
教育程度
男
小计
男
女
小计
男
女
小计
男
女
小计
男
女
小计
男
女
小计
男
女
小计
男
女
小计
私塾
小学
学
大学
未详
共计
文盲
未详
识
字
者