索
1
489
程乡230
澄城408,409,422
池州府 21,33,34,73,149,240,247,262,317,318,321,388,426.
451
赤水卫178,185
崇安 28,86,346
崇德22
崇仁 284,338
崇阳 127
崇义 279,338
崇祯三年14,235,267~281,364,424,434,435,440,443,444，
451,452.465
崇祯十七年 433,465
滁州 33,34,149,228.240,247,259,262,275,321,425
处州府·140,141,241,246,247,345
传染病 11,252,255,264,265.415,417,418,419,431,461
淳化423
慈利 74.116,238
慈溪 139
从征军 82
D
鞑靼155,156,159,160,250,251
大城 310,417
大定府 157,184,249,250
大家庭 29,56,85~89
大理186,188,280
大名府 67,107~109,217,223~225,243,257,293,298,376,
388,413,417~419,424,431,433
大宁31,44,148,158~163,219,220,271,294
大嵩卫 211