索
引
513
松江府 23,33,34,40,41,49,50,102,149,200,204,240,246,
286,318,319,320,321,325,346,385,388,422
松潘 174,175,237,245
松溪 28,132,330
松州卫 174
苏北 97,235,259,261,326,327,368
苏南 397~399
苏州府 33,34,49,50,149,176,200,240,246,261,268,286,297,
302,307,309~311,314,318,319~322,324,325,327,
363,365,376,382,385,388,422,460
肃州卫 171
宿松
260,425,426,450
绥德 159,165;167~169,238,413,423
随州 126,448
T
台湾14,25,197,245,281,452
台州府138,241,246,385,388
太仓73,296,307,311,313,314,324,325,365,467
太谷 32,414
太湖 247,425,426
太康 436,437
太平
33,149
太平府144,240,242,388
太原府 31,32,81,85,150,244,247,314,378,408,409,414~
416,424,434
太原县32,408
泰安421
泰宁
71,159,160,276
泰兴 317
郯城 111